99196
10 4
10 6 4 2
0 3488 1588	1616 3424 7
1 2988 2888	2440 3580 14
2 1308 2180 3248 2932 14
3 1428 3380	3156 3288 7
4 1400 532 2280 1672 7
5 2960 2740 1396 3576 7
6 3184 3380	2624 3608 0
7 616	1692 3560 1668 14
8 1952 3288 3060 2868 14
9 2856 1268 1280 2804 7
20
350 350 350 350 350 300 300 300 300 300 250 250 250 250 250 200 200 200 200 200
44000
200
5 0 1 2 3 4 
5 0 1 2 3 4
5 0 1 2 3 4 
5 0 1 2 3 4
5 0 1 2 3 4 
5 0 1 2 3 4
5 0 1 2 3 4 
5 0 1 2 3 4
5 0 1 2 3 4 
5 0 1 2 3 4
5 0 1 2 3 4 
5 0 1 2 3 4
5 0 1 2 3 4 
5 0 1 2 3 4
5 0 1 2 3 4
5 0 1 2 3 4 
5 0 1 2 3 4
5 0 1 2 3 4 
5 0 1 2 3 4
5 0 1 2 3 4 
5 0 1 2 3 4
5 0 1 2 3 4 
5 0 1 2 3 4
5 0 1 2 3 4 
5 0 1 2 3 4
5 0 1 2 3 4 
5 0 1 2 3 4
5 0 1 2 3 4 
5 0 1 2 3 4
5 0 1 2 3 4 
5 0 1 2 3 4
5 0 1 2 3 4 
5 0 1 2 3 4
5 0 1 2 3 4 
5 0 1 2 3 4
5 0 1 2 3 4 
5 0 1 2 3 4
5 0 1 2 3 4 
5 0 1 2 3 4
5 0 1 2 3 4
5 5 6 7 8 9 
5 5 6 7 8 9 
5 5 6 7 8 9 
5 5 6 7 8 9 
5 5 6 7 8 9 
5 5 6 7 8 9 
5 5 6 7 8 9 
5 5 6 7 8 9 
5 5 6 7 8 9 
5 5 6 7 8 9 
5 5 6 7 8 9 
5 5 6 7 8 9 
5 5 6 7 8 9 
5 5 6 7 8 9 
5 5 6 7 8 9 
5 5 6 7 8 9 
5 5 6 7 8 9 
5 5 6 7 8 9 
5 5 6 7 8 9 
5 5 6 7 8 9
5 5 6 7 8 9 
5 5 6 7 8 9 
5 5 6 7 8 9 
5 5 6 7 8 9 
5 5 6 7 8 9 
5 5 6 7 8 9 
5 5 6 7 8 9 
5 5 6 7 8 9 
5 5 6 7 8 9 
5 5 6 7 8 9
5 5 6 7 8 9 
5 5 6 7 8 9 
5 5 6 7 8 9 
5 5 6 7 8 9 
5 5 6 7 8 9 
5 5 6 7 8 9 
5 5 6 7 8 9 
5 5 6 7 8 9 
5 5 6 7 8 9 
5 5 6 7 8 9
5 5 6 7 8 9 
5 5 6 7 8 9 
5 5 6 7 8 9 
5 5 6 7 8 9 
5 5 6 7 8 9 
5 5 6 7 8 9 
5 5 6 7 8 9 
5 5 6 7 8 9 
5 5 6 7 8 9 
5 5 6 7 8 9
5 10 11 12 13 14
5 10 11 12 13 14
5 10 11 12 13 14
5 10 11 12 13 14
5 10 11 12 13 14
5 10 11 12 13 14
5 10 11 12 13 14
5 10 11 12 13 14
5 10 11 12 13 14
5 10 11 12 13 14
5 10 11 12 13 14
5 10 11 12 13 14
5 10 11 12 13 14
5 10 11 12 13 14
5 10 11 12 13 14
5 10 11 12 13 14
5 10 11 12 13 14
5 10 11 12 13 14
5 10 11 12 13 14
5 10 11 12 13 14
5 10 11 12 13 14
5 10 11 12 13 14
5 10 11 12 13 14
5 10 11 12 13 14
5 10 11 12 13 14
5 10 11 12 13 14
5 10 11 12 13 14
5 10 11 12 13 14
5 10 11 12 13 14
5 10 11 12 13 14
5 10 11 12 13 14
5 10 11 12 13 14
5 10 11 12 13 14
5 10 11 12 13 14
5 10 11 12 13 14
5 10 11 12 13 14
5 10 11 12 13 14
5 10 11 12 13 14
5 10 11 12 13 14
5 10 11 12 13 14
5 10 11 12 13 14
5 10 11 12 13 14
5 10 11 12 13 14
5 10 11 12 13 14
5 10 11 12 13 14
5 10 11 12 13 14
5 10 11 12 13 14
5 10 11 12 13 14
5 10 11 12 13 14
5 10 11 12 13 14
5 15 16 17 18 19
5 15 16 17 18 19
5 15 16 17 18 19
5 15 16 17 18 19
5 15 16 17 18 19
5 15 16 17 18 19
5 15 16 17 18 19
5 15 16 17 18 19
5 15 16 17 18 19
5 15 16 17 18 19
5 15 16 17 18 19
5 15 16 17 18 19
5 15 16 17 18 19
5 15 16 17 18 19
5 15 16 17 18 19
5 15 16 17 18 19
5 15 16 17 18 19
5 15 16 17 18 19
5 15 16 17 18 19
5 15 16 17 18 19
5 15 16 17 18 19
5 15 16 17 18 19
5 15 16 17 18 19
5 15 16 17 18 19
5 15 16 17 18 19
5 15 16 17 18 19
5 15 16 17 18 19
5 15 16 17 18 19
5 15 16 17 18 19
5 15 16 17 18 19
5 15 16 17 18 19
5 15 16 17 18 19
5 15 16 17 18 19
5 15 16 17 18 19
5 15 16 17 18 19
5 15 16 17 18 19
5 15 16 17 18 19
5 15 16 17 18 19
5 15 16 17 18 19
5 15 16 17 18 19
5 15 16 17 18 19
5 15 16 17 18 19
5 15 16 17 18 19
5 15 16 17 18 19
5 15 16 17 18 19
5 15 16 17 18 19
5 15 16 17 18 19
5 15 16 17 18 19
5 15 16 17 18 19
5 15 16 17 18 19



